ISS (ZARYA)             
1 25544U 98067A   22175.35755834  .00006687  00000+0  12567-3 0  9997
2 25544  51.6442 301.0719 0004048 296.9808 157.0854 15.49852670346294
SIMPL                   
1 42983U 98067NF  22175.05153590  .00186816  26066-4  33326-3 0  9995
2 42983  51.6257 146.2768 0004748  35.4642 324.6684 16.01359409265997
AEROCUBE 12A            
1 43556U 18046C   22174.67015716  .00016940  00000+0  43398-3 0  9990
2 43556  51.6358 153.5573 0008396  56.5401 303.6384 15.39458260220272
AEROCUBE 12B            
1 43557U 18046D   22174.67977650  .00012399  00000+0  34141-3 0  9995
2 43557  51.6369 158.0528 0008379  54.0736 306.1024 15.37507784220161
LEMUR-2-VU              
1 43558U 18046E   22175.14622965  .00028521  00000+0  55935-3 0  9993
2 43558  51.6373 133.1617 0009134  62.9651 297.2268 15.47079416220587
LEMUR-2-ALEXANDER       
1 43559U 18046F   22174.58836846  .00033564  00000+0  64105-3 0  9998
2 43559  51.6365 133.9656 0009529  61.5099 298.6847 15.47756213220304
LEMUR-2-YUASA           
1 43560U 18046G   22174.85698449  .00029958  00000+0  58765-3 0  9992
2 43560  51.6371 134.9822 0009324  66.6500 293.5468 15.47045589220530
LEMUR-2-TOMHENDERSON    
1 43561U 18046H   22174.78480131  .00030519  00000+0  63657-3 0  9993
2 43561  51.6374 138.2079 0008512  70.9335 289.2574 15.45250432220046
ISS DEB (SEDA-AP)       
1 43870U 98067PU  22175.13991260  .00073932  00000+0  29866-3 0  9997
2 43870  51.6284 195.7691 0005635 354.3591   5.7348 15.85642806199974
ISS DEB                 
1 44303U 98067QA  22175.14441937  .00320151  55550-4  54543-3 0  9994
2 44303  51.6229 217.7516 0007684 354.6267   5.4660 16.01978990174977
RED-EYE 1 (PINOT)       
1 44364U 98067QJ  22175.15687625  .00221149  30486-4  52671-3 0  9996
2 44364  51.6296 220.9451 0007003 340.5865  19.4876 15.96165577170528
STPSAT-4                
1 45043U 98067QY  22175.12845205  .00075406  00000+0  45658-3 0  9992
2 45043  51.6342 262.2097 0004330 295.0002  65.0548 15.76880883136557
SORTIE                  
1 45264U 98067RH  22174.47628911  .00092633  00000+0  49072-3 0  9992
2 45264  51.6383 260.1523 0004160 293.1986  66.8578 15.79780667133190
ICS-EF (ISS DEB)        
1 45265U 98067RJ  22175.11519497  .00021520  00000+0  24009-3 0  9993
2 45265  51.6376 278.6389 0004077 233.9424 126.1193 15.62730034132684
RED-EYE 2 (MERLOT)      
1 45800U 98067RM  22174.57714910  .00051306  00000+0  41075-3 0  9991
2 45800  51.6383 272.8645 0003202 292.0318  68.0339 15.70531462114572
RED-EYE 3 (CABERNET)    
1 45809U 98067RN  22174.51603972  .00049463  00000+0  39740-3 0  9996
2 45809  51.6386 273.2098 0003055 284.5940  75.4719 15.70462409113548
SPOC                    
1 46921U 98067RR  22175.20063276  .04515717  12245-4  73959-3 0  9999
2 46921  51.6140 249.6678 0009822 325.3027  34.7355 16.32518279 93098
NEUTRON-1               
1 46923U 98067RT  22174.64002943  .02538661  12011-4  84664-3 0  9999
2 46923  51.6179 253.4568 0012255 338.6681  21.3827 16.24803563 93045
ISS DEB                 
1 47853U 98067RZ  22174.63576022  .00008157  00000+0  13169-3 0  9997
2 47853  51.6416 299.5222 0002335  30.6764 329.4363 15.53835647 72873
TSURU                   
1 47927U 98067SD  22175.15631075  .00602927  18130-3  92671-3 0  9994
2 47927  51.6261 265.2757 0012946 336.6090  23.4331 16.03535826 72874
MAYA-2                  
1 47929U 98067SF  22174.23671839  .00560930  15182-3  99328-3 0  9993
2 47929  51.6260 270.3939 0012475 332.7940  27.2415 16.01164173 72687
GUARANISAT-1            
1 47931U 98067SH  22174.51620929  .00608190  18300-3  96603-3 0  9990
2 47931  51.6245 268.5120 0012951 335.2031  24.8356 16.02988723 72775
MMSATS-1                
1 47976U 98067SJ  22175.18344587  .00023541  00000+0  29801-3 0  9997
2 47976  51.6420 291.1346 0001316  13.2433 346.8586 15.59371664 71315
TIANHE                  
1 48274U 21035A   22175.30300830  .00012781  00000+0  15454-3 0  9990
2 48274  41.4704 175.6572 0003651 317.2349  60.1448 15.60489435 65889
ISS DEB                 
1 48833U 98067SK  22174.68807490  .00042725  00000+0  42633-3 0  9994
2 48833  51.6364 290.8085 0002252 339.5525  20.5379 15.65197654 60133
RAMSAT                  
1 48850U 98067SL  22174.83342905  .00066116  00000+0  50714-3 0  9994
2 48850  51.6367 285.0307 0002037 352.7211   7.3757 15.71453062 58335
BD-28                   
1 48867U 98067SN  22174.04230846  .00107912  00000+0  68839-3 0  9992
2 48867  51.6303 286.4364 0003244 313.2395  46.8334 15.75552553 56995
ISS (NAUKA)             
1 49044U 21066A   22174.58256066  .00005321  00000+0  10172-3 0  9994
2 49044  51.6436 304.9111 0004178 292.5617 154.5655 15.49835017346174
TIANZHOU-3              
1 49222U 21085A   22174.62055493  .00013148  00000+0  15895-3 0  9992
2 49222  41.4709 179.8077 0003696 312.5962 185.9454 15.60472790 65779
FREGAT DEB              
1 49271U 11037PF  22174.80958301 -.00006224  00000+0 -40726-1 0  9990
2 49271  51.6499 216.0232 0748020  54.8609 312.0015 11.87524970 47948
BINAR-1                 
1 49272U 98067SR  22174.59510884  .00080072  00000+0  61332-3 0  9994
2 49272  51.6345 290.1602 0006372 319.8999  40.1528 15.71387616 40634
MAYA-3                  
1 49273U 98067SS  22174.63497693  .00192141  00000+0  87150-3 0  9999
2 49273  51.6300 285.1292 0009737 323.8969  36.1376 15.82753746 40702
MAYA-4                  
1 49274U 98067ST  22175.16848330  .00182934  00000+0  86014-3 0  9994
2 49274  51.6330 282.6975 0009271 323.9796  36.0581 15.82017266 40783
CUAVA-1                 
1 49275U 98067SU  22175.14505171  .00133012  00000+0  80614-3 0  9999
2 49275  51.6343 284.6688 0006734 324.5440  98.6142 15.76604509 40709
CAPSAT                  
1 49276U 98067SV  22175.13283114  .00094291  00000+0  68308-3 0  9990
2 49276  51.6383 287.7767 0006811 327.9515  32.1068 15.72635509 39777
PR-CUNAR 2              
1 49277U 98067SW  22174.85450467  .00111623  00000+0  69148-3 0  9998
2 49277  51.6270 287.3161 0008197 325.1556  34.8906 15.76170561 39722
1998-067TD              
1 51441U 98067TD  22174.85117755  .00043422  00000+0  47996-3 0  9992
2 51441  51.6381 297.1477 0007772 269.3413  90.6691 15.62555942 23177
PATCOOL                 
1 51442U 98067TE  22174.63694911  .00049556  00000+0  54032-3 0  9996
2 51442  51.6368 297.9546 0007962 273.3412  86.6671 15.62846920 23108
DAILI                   
1 51443U 98067TF  22175.02017404  .02140819  46569-2  19461-2 0  9992
2 51443  51.6232 284.6230 0016574 320.7654  39.2159 16.12676668 23275
LIGHT-1                 
1 51509U 98067TG  22174.64780534  .00037012  00000+0  45956-3 0  9997
2 51509  51.6399 299.5466 0008616 259.0349 100.9675 15.59594668 21862
PROGRESS-MS 19          
1 51660U 22014A   22174.58256066  .00005321  00000+0  10172-3 0  9995
2 51660  51.6436 304.9111 0004178 292.5617 154.5655 15.49835017346171
CYGNUS NG-17            
1 51712U 22015A   22174.58256066  .00005321  00000+0  10172-3 0  9994
2 51712  51.6436 304.9111 0004178 292.5617 154.5655 15.49835017346179
SOYUZ-MS 21             
1 52086U 22028A   22174.58256066  .00005321  00000+0  10172-3 0  9993
2 52086  51.6436 304.9111 0004178 292.5617 154.5655 15.49835017346174
IHI-SAT                 
1 52147U 98067TJ  22174.59550817  .00031953  00000+0  43756-3 0  9993
2 52147  51.6384 302.1838 0005114 303.5704  56.4799 15.57087157 14276
KITSUNE                 
1 52148U 98067TK  22175.19474670  .00028548  00000+0  42397-3 0  9999
2 52148  51.6430 300.0577 0004107 292.8016 132.1821 15.54949700 14291
CREW DRAGON 4           
1 52318U 22042A   22174.58256066  .00005321  00000+0  10172-3 0  9997
2 52318  51.6436 304.9111 0004178 292.5617 154.5655 15.49835017346172
ISS DEB                 
1 52329U 98067TM  22173.45634771  .00573414  00000+0  30562-2 0  9994
2 52329  51.6344 305.7091 0018397 301.5233 108.1158 15.78077756  8573
TIANZHOU-4              
1 52509U 22050A   22174.62055493  .00013148  00000+0  15895-3 0  9997
2 52509  41.4709 179.8077 0003696 312.5962 185.9454 15.60472790 65771
PROGRESS-MS 20          
1 52795U 22059A   22174.58256066  .00005321  00000+0  10172-3 0  9994
2 52795  51.6436 304.9111 0004178 292.5617 154.5655 15.49835017346171
SHENZHOU 14             
1 52797U 22060A   22174.62055493  .00013148  00000+0  15895-3 0  9997
2 52797  41.4709 179.8077 0003696 312.5962 185.9454 15.60472790 65770
